1900 1
1901 3
1902 4
1903 5
1904 5
1905 5
1906 7
1907 7
1908 8
1909 8
1910 8
1911 8
1912 8
1913 13
1914 14
1915 14
1916 14
1917 15
1918 18
1919 17
1920 18
1921 22
1922 22
1923 24
1924 24
1925 27
1926 27
1927 28
1928 28
1929 29
1930 29
1931 30
1932 29
1933 29
1934 29
1935 31
1936 33
1937 36
1938 37
1939 37
1940 37
1941 38
1942 37
1943 38
1944 38
1945 42
1946 43
1947 44
1948 43
1949 43
1950 43
1951 43
1952 44
1953 45
1954 47
1955 47
1956 47
1957 46
1958 46
1959 47
1960 48
1961 48
1962 46
1963 46
1964 48
1965 48
1966 48
1967 49
1968 51
1969 44
1970 44
1971 42
1972 42
1973 41
1974 40
1975 40
1976 37
1977 35
1978 32
1979 30
1980 31
1981 28
1982 27
1983 29
1984 28
1985 29
1986 28
1987 29
1988 29
1989 25
1990 25
1991 22
1992 22
1993 18
1994 15
1995 15
1996 14
1997 13
1998 11
1999 9
2000 7
